Xrs1000l2: [0.10487299635708164, 0.10228525033228131, 0.09969162020755933, 0.09710877220892536, 0.09478674568284007, 0.0928781868655645, 0.09086188323506271, 0.08900810895797913, 0.08740245092477733, 0.08580522658984453, 0.08430287889709309, 0.08283504713199157, 0.0813346088462016, 0.0799475266305004, 0.07865983725255093, 0.07749918954111724, 0.07616103099494209, 0.07496293775235684, 0.07385486198805069, 0.07264331484977521, 0.07156845998601254, 0.07031376835571464, 0.06926889316631907, 0.0682534996909816, 0.06724248606357631, 0.06631310869868551]
t0l2: [1.0548347998626698e-06, 1.0561246955234173e-06, 1.0588202195617771e-06, 1.0631988065008956e-06, 1.0675609519579096e-06, 1.0689210634317707e-06, 1.0716807222494002e-06, 1.0766134359299997e-06, 1.079092326446788e-06, 1.0811686479421634e-06, 1.0845513740838814e-06, 1.0871446348731998e-06, 1.0884380893443179e-06, 1.090807791030274e-06, 1.0926811563089283e-06, 1.0940478319641503e-06, 1.0959629596471755e-06, 1.0982523322829397e-06, 1.0990739323376956e-06, 1.1010686322586892e-06, 1.102089870067007e-06, 1.1029571385459678e-06, 1.1043102037330062e-06, 1.1055980762337689e-06, 1.1058481196420186e-06, 1.1068151985765275e-06]
t1l2: [5.081173343395204e-07, 5.002829109011158e-07, 5.00766743564262e-07, 4.916141687992023e-07, 4.812366064511757e-07, 4.788955633391014e-07, 4.7556175357597574e-07, 4.6585238246603114e-07, 4.607802171493925e-07, 4.57429903513946e-07, 4.5153653830715656e-07, 4.460088911016895e-07, 4.4253346204944326e-07, 4.3725489448461274e-07, 4.335117594258764e-07, 4.314265393820156e-07, 4.261157278179715e-07, 4.206645476654732e-07, 4.18917217403839e-07, 4.1306068629000796e-07, 4.105247475215206e-07, 4.069293498604745e-07, 4.0316087798693915e-07, 3.9952964888607606e-07, 3.980156660756131e-07, 3.9479911324290356e-07]
delta1l2: [-16719661.739376653, -16745861.22221075, -18215164.162271596, -18345146.52607384, -18698689.586672325, -19923436.378576398, -20569345.86119287, -21622152.153498016, -22673397.108753048, -23460595.16472072, -24426473.18044315, -25148156.719294447, -25480675.239719108, -26006725.23078242, -26617572.617111858, -27411665.799570207, -27563084.030053698, -27975658.695116274, -28441294.824765127, -28476317.52296291, -28760363.994155847, -28277628.679063443, -28405825.436299194, -28477525.921266686, -28340746.145213418, -28396885.25609275]
order1l2: [30.735439143505292, 32.104530209781785, 33.1866389743547, 34.54950572656026, 35.91167637158068, 37.07987812458016, 38.31790381998966, 39.60518979068935, 40.83937762736129, 42.07752809278142, 43.33620994297074, 44.62589700365335, 45.936713323671846, 47.24384044552082, 48.52635213176317, 49.77504803017528, 51.13252367245278, 52.465275223811716, 53.75192386906707, 55.139886028661024, 56.45094246019542, 57.87278848155959, 59.230401403414135, 60.596736931150765, 61.961959262341274, 63.328114440938585]
Deltal2: [-30000000000.0, -30000000000.0, -30000000000.0, -30000000000.0, -30000000000.0, -30000000000.0, -30000000000.0, -30000000000.0, -30000000000.0, -30000000000.0, -30000000000.0, -30000000000.0, -30000000000.0, -30000000000.0, -30000000000.0, -30000000000.0, -30000000000.0, -30000000000.0, -30000000000.0, -30000000000.0, -30000000000.0, -30000000000.0, -30000000000.0, -30000000000.0, -30000000000.0, -30000000000.0]